chrom	seg	num.mark	nhet	cnlr.median	mafR	segclust	cnlr.median.clust	mafR.clust	start	end	cf.em	tcn.em	lcn.em	cnlr.median-dipLogR
1	1	15976	3904	0.0443335153169862	-0.0277889984949585	17	0.0382291963747923	-0.0271806260993979	14464	18714400	1	2	1	0.00616770755332952
1	2	270	122	-0.871294811215641	4.40316028878329	7	-0.82025415438391	5.04599720002808	18716300	19014965	0.895510287465313	1	0	-0.909460618979298
1	3	42799	10120	0.0340083642659328	-0.0316446058846963	17	0.0382291963747923	-0.0271806260993979	19016802	65049900	1	2	1	-0.00415744349772389
1	4	496	173	-0.775691105321188	3.88971338726321	7	-0.82025415438391	5.04599720002808	65050900	65583900	0.895510287465313	1	0	-0.813856913084845
1	5	3887	1053	0.0406808410066887	-0.0305389006797301	17	0.0382291963747923	-0.0271806260993979	65585667	69700600	1	2	1	0.00251503324303204
1	6	2923	653	-0.789487395148389	4.93553341639724	7	-0.82025415438391	5.04599720002808	69702329	72828300	0.895510287465313	1	0	-0.827653202912046
1	7	317	138	0.0225786656652569	-0.0299269926142454	17	0.0382291963747923	-0.0271806260993979	72829200	73169630	1	2	1	-0.0155871420983997
1	8	5534	1086	-0.818627433876016	5.21388396280931	7	-0.82025415438391	5.04599720002808	73170435	79058766	0.895510287465313	1	0	-0.856793241639673
1	9	62075	14882	0.0321668340227696	-0.0240980593502094	17	0.0382291963747923	-0.0271806260993979	79059579	168078300	1	2	1	-0.00599897374088704
1	10	3197	1089	-0.818922245047678	5.49072531059441	7	-0.82025415438391	5.04599720002808	168079200	171494292	0.895510287465313	1	0	-0.857088052811335
1	11	4779	1436	0.0322781438935286	-0.0419197885001546	17	0.0382291963747923	-0.0271806260993979	171495200	176566002	1	2	1	-0.00588766387012805
1	12	140	65	-0.807193750768396	5.67121526027536	7	-0.82025415438391	5.04599720002808	176567210	176715746	0.895510287465313	1	0	-0.845359558532053
1	13	16	8	0.170792555332263	-0.0836322299537532	23	0.170792555332263	NA	176716950	176733454	NA	2	NA	0.132626747568606
1	14	519	148	-0.780795844136278	4.55442229524868	7	-0.82025415438391	5.04599720002808	176734700	177282978	0.895510287465313	1	0	-0.818961651899934
1	15	13523	3634	0.0426311809153033	-0.0225309381515557	18	0.0382291963747923	-0.0230606594372821	177283617	191703600	1	2	1	0.00446537315164667
1	16	132	64	-0.804923136854773	4.39428547097726	7	-0.82025415438391	5.04599720002808	191704414	191845361	0.895510287465313	1	0	-0.84308894461843
1	17	53207	13938	0.0374748707632409	-0.0261726784854808	17	0.0382291963747923	-0.0271806260993979	191846513	248943600	1	2	1	-0.000690937000415767
2	18	82945	22454	0.0405755416563615	-0.0220532487315556	18	0.0382291963747923	-0.0230606594372821	12444	88860400	1	2	1	0.00240973389270482
2	19	115	4	-3.68344234782601	-1.24599647091983	1	-3.68344234782601	NA	88861749	89030638	0.895510287465313	0	0	-3.72160815558967
2	20	16	2	-0.71571606359205	8.17266491302638	10	-0.735936854880388	NA	89032262	89047600	0.895510287465313	1	0	-0.753881871355707
2	21	28	0	-3.31122047696917	0	3	-3.31072465338168	NA	89048400	89084100	0.895510287465313	0	0	-3.34938628473283
2	22	123	2	-0.779662545023244	5.30375333987751	8	-0.82025415438391	NA	89085200	89220400	0.895510287465313	1	0	-0.817828352786901
2	23	138127	36270	0.0420679279492695	-0.0283291086941455	17	0.0382291963747923	-0.0271806260993979	89222122	241254000	1	2	1	0.00390212018561282
3	24	183634	49640	0.0449204123685718	-0.0251157011971966	17	0.0382291963747923	-0.0271806260993979	12700	198181300	1	2	1	0.00675460460491518
4	25	175642	50373	0.0513405036568875	-0.0247170596935677	17	0.0382291963747923	-0.0271806260993979	12400	190120200	1	2	1	0.0131746958932309
5	26	165282	44425	0.0411563774701276	-0.0267102056789075	17	0.0382291963747923	-0.0271806260993979	11600	181477359	1	2	1	0.00299056970647096
6	27	66790	19911	0.0358527948772499	-0.0237982741215666	18	0.0382291963747923	-0.0230606594372821	121100	73535623	1	2	1	-0.00231301288640676
6	28	5921	1242	-0.813045580460249	4.53888704801769	7	-0.82025415438391	5.04599720002808	73536500	79965809	0.895510287465313	1	0	-0.851211388223905
6	29	106	1	0.107282545153288	0.665131996582785	22	0.107102271523556	NA	79967200	80080718	NA	2	NA	0.0691167373896318
6	30	221	3	-0.177244066091044	-0.195538332530164	15	-0.177244066091044	NA	80081203	80312897	0.567944171420121	1	0	-0.2154098738547
6	31	1643	268	-0.744109486260352	2.55102321946754	9	-0.735936854880388	2.63945451584308	80314336	82071700	0.886993494617934	1	0	-0.782275294024009
6	32	3491	1084	0.033037979740922	-0.0406927110013407	17	0.0382291963747923	-0.0271806260993979	82072970	85780300	1	2	1	-0.00512782802273463
6	33	1290	439	-0.793945004601512	4.43200156084054	7	-0.82025415438391	5.04599720002808	85781492	87163670	0.895510287465313	1	0	-0.832110812365169
6	34	3573	1187	0.0335503586289129	-0.0165178078514226	18	0.0382291963747923	-0.0230606594372821	87164793	90927971	1	2	1	-0.00461544913474372
6	35	221	55	-0.786286630675849	4.51593940674252	7	-0.82025415438391	5.04599720002808	90929121	91166300	0.895510287465313	1	0	-0.824452438439506
6	36	237	51	-0.0256614792563456	0.0828581594013316	16	-0.0419032575570205	-0.00918106593615419	91167400	91416000	1	2	1	-0.0638272870200022
6	37	2150	779	-0.818774961941883	5.23949022386656	7	-0.82025415438391	5.04599720002808	91417538	93710682	0.895510287465313	1	0	-0.85694076970554
6	38	496	78	-0.0355260699080344	0.130244169844694	16	-0.0419032575570205	-0.00918106593615419	93711200	94254500	1	2	1	-0.0736918776716911
6	39	624	223	-0.824852380358817	3.94503036845081	7	-0.82025415438391	5.04599720002808	94255610	94925161	0.895510287465313	1	0	-0.863018188122474
6	40	4177	1185	0.0405895188450321	-0.0319202388312608	17	0.0382291963747923	-0.0271806260993979	94926200	99425658	1	2	1	0.00242371108137551
6	41	194	91	-0.62823113186283	3.4744865671072	13	-0.608677184274511	3.4744865671072	99426518	99635707	0.895510287465313	1	0	-0.666396939626487
6	42	18	9	-0.968770068528966	2.76048270258669	5	-0.968770068528966	NA	99637055	99654926	0.895510287465313	1	0	-1.00693587629262
6	43	333	143	-0.415511150629424	1.26611317849008	14	-0.415511150629424	1.26611317849008	99656413	100009351	0.893250368663379	1	0	-0.453676958393081
6	44	2033	504	0.0438621645429837	-0.0270609102328401	17	0.0382291963747923	-0.0271806260993979	100010700	102181819	1	2	1	0.00569635677932704
6	45	1134	210	-0.769134568012337	5.03561908424729	7	-0.82025415438391	5.04599720002808	102183400	103424079	0.895510287465313	1	0	-0.807300375775994
6	46	26707	6159	0.0284547906998272	-0.0249451626923563	17	0.0382291963747923	-0.0271806260993979	103426600	131781195	1	2	1	-0.00971101706382948
6	47	1764	543	-0.853529307621366	5.22759248611436	7	-0.82025415438391	5.04599720002808	131782100	133645700	0.895510287465313	1	0	-0.891695115385023
6	48	2585	387	0.0576706936750486	-0.0283821587514134	17	0.0382291963747923	-0.0271806260993979	133646900	136377000	1	2	1	0.0195048859113919
6	49	2949	784	-0.808731622770747	4.72667678644104	7	-0.82025415438391	5.04599720002808	136378700	139494741	0.895510287465313	1	0	-0.846897430534403
6	50	591	182	0.0753053146429216	-0.0265014596265664	17	0.0382291963747923	-0.0271806260993979	139495168	140117411	1	2	1	0.0371395068792649
6	51	592	75	-0.69188278867388	2.57257930661758	11	-0.69188278867388	2.57257930661758	140119400	140758522	0.895510287465313	1	0	-0.730048596437537
6	52	150	76	0.0632682686933892	0.0267358267438361	18	0.0382291963747923	-0.0230606594372821	140759906	140918400	1	2	1	0.0251024609297326
6	53	1041	248	-0.728374796349286	2.73459197331357	9	-0.735936854880388	2.63945451584308	140919800	142049800	0.886993494617934	1	0	-0.766540604112943
6	54	1495	345	0.0466210097951481	-0.01712269472791	18	0.0382291963747923	-0.0230606594372821	142050949	143638046	1	2	1	0.00845520203149142
6	55	25098	7645	-0.823319254643835	5.15315014450486	7	-0.82025415438391	5.04599720002808	143639253	170744300	0.895510287465313	1	0	-0.861485062407491
7	56	143699	39422	0.0402767350927979	-0.02770575676885	17	0.0382291963747923	-0.0271806260993979	15100	159334769	1	2	1	0.00211092732914128
8	57	22635	7524	-0.819222987384562	4.97176866752272	7	-0.82025415438391	5.04599720002808	63800	25566600	0.895510287465313	1	0	-0.857388795148219
8	58	1288	516	0.00860586497499134	-0.00728052407011209	18	0.0382291963747923	-0.0230606594372821	25567378	26944500	1	2	1	-0.0295599427886653
8	59	285	129	-0.594183753439481	1.39087671452349	12	-0.608677184274511	1.39087671452349	26946118	27253300	0.873836276167335	1	0	-0.632349561203138
8	60	618	245	0.030610594763799	-0.0143980062588044	18	0.0382291963747923	-0.0230606594372821	27253748	27909142	1	2	1	-0.00755521299985765
8	61	10743	2448	-0.824744282932942	5.09006153382924	7	-0.82025415438391	5.04599720002808	27910375	39372669	0.895510287465313	1	0	-0.862910090696599
8	62	15	2	-3.31072465338168	1.10010344435963	3	-3.31072465338168	NA	39374115	39515000	0.895510287465313	0	0	-3.34889046114534
8	63	19797	4766	-0.82644840173899	5.23743823302188	7	-0.82025415438391	5.04599720002808	39530100	62525800	0.895510287465313	1	0	-0.864614209502647
8	64	77231	21479	0.0459628930872191	-0.0250308015076656	17	0.0382291963747923	-0.0271806260993979	62527787	145075500	1	2	1	0.00779708532356248
9	65	20758	6846	0.00447919371546196	3.44938026643596	20	0.0382291963747923	3.44938026643596	11400	21967300	0.738559284509852	2	0	-0.0336866140481947
9	66	112	36	-2.02361623056426	-0.0710643059820435	4	-2.02361623056426	-0.0710643059820435	21968700	22088700	0.758096593754958	0	0	-2.06178203832792
9	67	85900	22377	0.00870732624815156	3.24406203584738	19	0.0382291963747923	3.24406203584738	22090302	138233200	0.732383963158846	2	0	-0.0294584815155051
10	68	122250	34117	0.0387047756871501	-0.0266975911651277	17	0.0382291963747923	-0.0271806260993979	13400	133785300	1	2	1	0.000538967923493484
11	69	89770	24375	0.00411575350429504	-0.0217607793415131	18	0.0382291963747923	-0.0230606594372821	103600	100799600	1	2	1	-0.0340500542593616
11	70	20649	5413	-0.892484985534154	5.11170435845052	6	-0.892484985534154	5.11170435845052	100800600	122889500	0.895510287465313	1	0	-0.93065079329781
11	71	11404	3531	0.00655255771960666	-0.0197467265908435	18	0.0382291963747923	-0.0230606594372821	122890500	135075318	1	2	1	-0.03161325004405
12	72	122567	32702	0.0399271681818221	-0.0297615832713831	17	0.0382291963747923	-0.0271806260993979	12900	133263486	1	2	1	0.00176136041816543
13	73	90539	24209	-0.0419665004958605	-0.00975676601962869	16	-0.0419032575570205	-0.00918106593615419	16003500	114343600	1	2	1	-0.0801323082595171
14	74	80948	21408	0.0389338151592799	-0.0207063446139255	18	0.0382291963747923	-0.0230606594372821	16023400	105861496	1	2	1	0.000768007395623306
14	75	246	100	-3.60748737431167	-1.06953852710866	2	-3.60748737431167	-1.06953852710866	105862000	106266600	0.895510287465313	0	0	-3.64565318207532
14	76	103	38	-0.787598217068002	3.42218106916003	7	-0.82025415438391	5.04599720002808	106269358	106383200	0.895510287465313	1	0	-0.825764024831659
14	77	413	21	0.0409131810360541	0.11851296753157	18	0.0382291963747923	-0.0230606594372821	106384700	106881200	1	2	1	0.00274737327239748
15	78	74091	19901	0.0402767350927979	-0.0309402881322492	17	0.0382291963747923	-0.0271806260993979	17000600	101976500	1	2	1	0.00211092732914128
16	79	71438	18460	0.0416126558741709	-0.0265062331694337	18	0.0382291963747923	-0.0230606594372821	11500	90226700	1	2	1	0.00344684811051431
17	80	17286	4893	0.00323438552754018	-0.0250176181534467	18	0.0382291963747923	-0.0230606594372821	114300	19037600	1	2	1	-0.0349314222361165
17	81	54745	12148	0.0725983180484775	-0.0281215713503981	17	0.0382291963747923	-0.0271806260993979	19043500	83044809	1	2	1	0.0344325102848208
17	82	144	26	0.00289597658718874	0.00194119090777434	18	0.0382291963747923	-0.0230606594372821	83045520	83246629	1	2	1	-0.0352698311764679
18	83	70496	18469	0.0414529538018021	-0.028105476747653	17	0.0382291963747923	-0.0271806260993979	15000	80252300	1	2	1	0.00328714603814545
19	84	49996	13718	0.0300372791790127	-0.0256999442338912	18	0.0382291963747923	-0.0230606594372821	60800	58605600	1	2	1	-0.00812852858464398
20	85	56906	15031	0.0400679822455003	-0.0246305833396227	18	0.0382291963747923	-0.0230606594372821	61200	64332400	1	2	1	0.00190217448184361
21	86	32402	8563	0.039861345460115	-0.0293521036729705	17	0.0382291963747923	-0.0271806260993979	5033400	46697400	1	2	1	0.00169553769645834
22	87	32363	8147	0.0375392613877522	-0.0302932519081142	17	0.0382291963747923	-0.0271806260993979	10557900	50796200	1	2	1	-0.000626546375904403
23	88	130822	19849	0.107102271523556	-0.030070220433765	21	0.107102271523556	-0.030070220433765	30085	156028200	1	2	1	0.0689364637598992
