chrom	seg	num.mark	nhet	cnlr.median	mafR	segclust	cnlr.median.clust	mafR.clust	start	end	cf.em	tcn.em	lcn.em	cnlr.median-dipLogR
1	1	99312	18189	0.00668922891883238	-0.0403615986917886	6	0.000398130225829484	-0.0417383275416789	13400	121707300	1	2	1	0.00663637929453061
1	2	1182	1	0.233317491972503	0.691887048310746	10	0.221447804165341	NA	121735048	124810900	0.3	3	NA	0.233264642348201
1	3	86265	15909	0.0132052699484054	-0.0453647121598848	6	0.000398130225829484	-0.0417383275416789	124814200	248945438	1	2	1	0.0131524203241036
2	4	74320	14923	0.000776421665410157	-0.0388663888747682	6	0.000398130225829484	-0.0417383275416789	11985	88857800	1	2	1	0.00072357204110838
2	5	315	20	-0.633986770518097	-0.181404575376161	3	-0.614204482861583	-0.101705280667814	88859929	89228600	0.368438099320813	0	0	-0.634039620142399
2	6	123861	21618	-0.00614967898159491	-0.0484520862814516	6	0.000398130225829484	-0.0417383275416789	89229300	241252800	1	2	1	-0.00620252860589668
3	7	164772	33412	-0.00664303028293595	-0.0425370638352554	6	0.000398130225829484	-0.0417383275416789	12600	198175000	1	2	1	-0.00669587990723772
4	8	158160	33596	-0.0136256740379418	-0.0450687392491749	6	0.000398130225829484	-0.0417383275416789	14400	190119764	1	2	1	-0.0136785236622436
5	9	148503	29117	-0.00583254221551249	-0.0424416783689796	6	0.000398130225829484	-0.0417383275416789	10500	181477300	1	2	1	-0.00588539183981427
6	10	48429	9898	0.0101505560275897	-0.0422413476303946	6	0.000398130225829484	-0.0417383275416789	121100	60310100	1	2	1	0.010097706403288
6	11	6632	1499	-0.144749675210949	-0.0171905809143667	4	-0.168471741345254	-0.0381801692172717	60311100	68198747	0.108116670826463	0	0	-0.14480252483525
6	12	19356	3780	-0.107018811219596	-0.0255622085911265	5	-0.102524119418821	-0.029716442611264	68199500	91048467	1	2	1	-0.107071660843898
6	13	66997	12879	-0.170902599953238	-0.0406168295081752	4	-0.168471741345254	-0.0381801692172717	91048505	170743200	0.108116670826463	0	0	-0.17095544957754
7	14	128187	26841	-0.00604674245941291	-0.0434257332512738	6	0.000398130225829484	-0.0417383275416789	21000	159334600	1	2	1	-0.00609959208371469
8	15	119584	25387	-0.00533045919117526	-0.0444634400935033	6	0.000398130225829484	-0.0417383275416789	63900	145075567	1	2	1	-0.00538330881547704
9	16	32975	7332	-0.00616909548249337	-0.0389681029357967	6	0.000398130225829484	-0.0417383275416789	11400	38953100	1	2	1	-0.00622194510679515
9	17	4925	484	0.106073248383222	-0.0406992650484316	8	0.106073248383222	-0.0406992650484316	38954400	68352862	0.108116670826463	3	1	0.106020398758921
9	18	57975	11540	0.00455296606830356	-0.0372392637884658	6	0.000398130225829484	-0.0417383275416789	68353700	138232259	1	2	1	0.00450011644400178
10	19	109448	22732	0.00322276291924443	-0.0425322281587007	6	0.000398130225829484	-0.0417383275416789	13300	133783700	1	2	1	0.00316991329494265
11	20	58649	11637	0.00406766955461195	-0.040760053595745	6	0.000398130225829484	-0.0417383275416789	132600	74146200	1	2	1	0.00401481993031017
11	21	33297	7241	-0.109304434614298	-0.0312119378359716	5	-0.102524119418821	-0.029716442611264	74146932	113609300	1	2	1	-0.1093572842386
11	22	4408	711	0.0212453029969725	-0.0219696471206948	6	0.000398130225829484	-0.0417383275416789	113612958	118859960	1	2	1	0.0211924533726708
11	23	13831	2889	-0.0815188473641635	-0.0337072323962841	5	-0.102524119418821	-0.029716442611264	118861682	135075519	1	2	1	-0.0815716969884653
12	24	109188	21074	-0.00363008510892279	-0.0365131947683152	6	0.000398130225829484	-0.0417383275416789	11400	133264400	1	2	1	-0.00368293473322457
13	25	81567	18576	-0.0160796074763417	-0.0418564931053857	6	0.000398130225829484	-0.0417383275416789	16000500	114344070	1	2	1	-0.0161324571006435
14	26	72326	14632	0.00346609004002	-0.0419712478574316	6	0.000398130225829484	-0.0417383275416789	16024800	105863100	1	2	1	0.00341324041571822
14	27	26	8	-2.48650031605524	0.439590639598604	1	-2.48650031605524	NA	105864518	105910999	0.3	0	0	-2.48655316567954
14	28	327	76	-0.776632166841345	0.196554902439301	2	-0.776632166841345	0.196554902439301	105917300	106372203	0.368438099320813	0	0	-0.776685016465646
14	29	394	202	-0.0725160667082978	0.00379738244401463	5	-0.102524119418821	-0.029716442611264	106373196	106881246	1	2	1	-0.0725689163325996
15	30	319	33	0.0590212761363051	0.0491971174261259	7	0.0584933547455158	-0.00479442836852861	17001000	20028400	1	2	1	0.0589684265120034
15	31	1240	145	0.228571352490947	-0.00918474579091048	9	0.221447804165341	0.00590957543886198	20031700	22431900	0.21065030201732	3	1	0.228518502866645
15	32	64666	13353	0.012937560691781	-0.0434892121790595	6	0.000398130225829484	-0.0417383275416789	22433700	101980481	1	2	1	0.0128847110674792
16	33	62804	12510	0.0159652581047923	-0.034945821890003	6	0.000398130225829484	-0.0417383275416789	16719	90226800	1	2	1	0.0159124084804905
17	34	63024	10171	0.00797573419092353	-0.0385515080915791	6	0.000398130225829484	-0.0417383275416789	114300	83245326	1	2	1	0.00792288456662175
18	35	63460	13049	-0.000475756290362915	-0.0431221417676933	6	0.000398130225829484	-0.0417383275416789	15008	80259000	1	2	1	-0.000528605914664692
19	36	42608	7864	-0.00478938760873383	-0.0331563446969209	6	0.000398130225829484	-0.0417383275416789	81700	58606267	1	2	1	-0.00484223723303561
20	37	51180	9855	0.0177465600041058	-0.0347406757465757	6	0.000398130225829484	-0.0417383275416789	61400	64332770	1	2	1	0.017693710379804
21	38	1716	253	0.207624078824875	0.0150275866093643	9	0.221447804165341	0.00590957543886198	5030700	13036850	0.21065030201732	3	1	0.207571229200573
21	39	27486	6309	-0.00707742754876696	-0.0394382433376833	6	0.000398130225829484	-0.0417383275416789	13037000	46697400	1	2	1	-0.00713027717306874
22	40	5792	1026	0.0584719511360001	-0.00654511070652546	7	0.0584933547455158	-0.00479442836852861	10519400	22413174	1	2	1	0.0584191015116984
22	41	406	85	-0.601581239918144	-0.0830610093609375	3	-0.614204482861583	-0.101705280667814	22415029	22899100	0.368438099320813	0	0	-0.601634089542446
22	42	22605	4153	0.0203182748082679	-0.0413730369771255	6	0.000398130225829484	-0.0417383275416789	22900500	50804200	1	2	1	0.0202654251839662
23	43	114107	11512	0.0171356524233185	-0.0422427946683553	6	0.000398130225829484	-0.0417383275416789	10593	156027200	1	2	1	0.0170828027990168
