chrom	seg	num.mark	nhet	cnlr.median	mafR	segclust	cnlr.median.clust	mafR.clust	start	end	cf.em	tcn.em	lcn.em	cnlr.median-dipLogR
1	1	64	2	0.174124528389216	0.11724508772044	15	0.159718087075078	NA	16200	801900	0.172621156559805	3	NA	0.190069237863157
1	2	79095	10102	-0.0180991243178692	-0.0560470449064004	10	-0.0156422078045303	-0.0539056264973701	806840	121735048	1	2	1	-0.00215441484392804
1	3	68797	8587	0.157717300512688	-0.00424305573280262	14	0.159718087075078	-0.00120477914123378	121743300	248945438	0.105819320785479	4	2	0.17366200998663
2	4	58853	8186	-0.00924750330967173	-0.0522664813836561	9	-0.0156422078045303	-0.045929078043171	13366	88816300	1	2	1	0.00669720616426945
2	5	24	1	-0.721419590906616	-0.31019147901293	5	-0.713692766748502	NA	88817336	88850339	0.317313483451815	0	0	-0.705474881432675
2	6	24	1	-3.07558959940363	-1.44063952170358	2	-3.07558959940363	NA	88851034	88946309	0.317313483451815	0	0	-3.05964488992969
2	7	126	3	-0.806309558312114	1.0453464516602	4	-0.806309558312114	NA	88948537	89141526	0.317313483451815	0	0	-0.790364848838173
2	8	83	1	-0.0672852402620458	-0.314795109550542	8	-0.0806902211584861	NA	89143570	89536600	NA	2	NA	-0.0513405307881046
2	9	1186	36	0.224253977049597	-0.0357379376896817	16	0.22255239149767	-0.0144036514742341	89538500	94500500	0.100109870125313	5	2	0.240198686523538
2	10	94776	11431	-0.0139593281806374	-0.0512830621960458	9	-0.0156422078045303	-0.045929078043171	94502500	241254000	1	2	1	0.00198538129330383
3	11	26	1	0.105821117836367	-0.318283613291747	13	0.0958536514863442	NA	12200	48800	0.129745177181653	3	NA	0.121765827310308
3	12	87529	11357	-0.0116007346805874	-0.0390178401984803	9	-0.0156422078045303	-0.045929078043171	49394	134854381	1	2	1	0.00434397479335381
3	13	40823	5104	0.164518772800242	0.00551561474902387	14	0.159718087075078	-0.00120477914123378	134855300	198181500	0.105819320785479	4	2	0.180463482274183
4	14	32201	4475	-0.0113364066229633	-0.0400893957068081	9	-0.0156422078045303	-0.045929078043171	14000	49070200	1	2	1	0.00460830285097793
4	15	374	96	0.324962147020434	-0.043378509846862	17	0.337014298762371	-0.00892175698090656	49072176	51715200	0.260352167268562	4	2	0.340906856494375
4	16	87250	10931	-0.0104214379305624	-0.042032259583865	9	-0.0156422078045303	-0.045929078043171	51795300	190119400	1	2	1	0.00552327154337881
5	17	114822	14611	-0.013935123354741	-0.0539849468662955	9	-0.0156422078045303	-0.045929078043171	11600	181476500	1	2	1	0.00200958611920021
6	18	69	10	0.0113871161159468	-0.129852573394258	11	-0.0156422078045303	NA	149300	253600	NA	2	NA	0.027331825589888
6	19	13839	2023	0.0958536514863442	-0.00882288261713378	12	0.0958536514863442	-0.00882288261713378	255200	20634197	0.121766243915853	3	1	0.111798360960285
6	20	25283	3723	0.0240482472790081	-0.0475990452452274	10	-0.0156422078045303	-0.0539056264973701	20635454	60906700	1	2	1	0.0399929567529493
6	21	70184	8526	-0.343224308110272	0.0866421392646893	6	-0.343224308110272	0.0866421392646893	60908157	170643900	0.317313483451815	1	0	-0.327279598636331
7	22	100333	13529	-0.0165010590033664	-0.0489853304727751	9	-0.0156422078045303	-0.045929078043171	19700	159333592	1	2	1	-0.00055634952942521
8	23	93996	12385	-0.0151051257253906	-0.0457405658146432	9	-0.0156422078045303	-0.045929078043171	73000	145075668	1	2	1	0.000839583748550548
9	24	25563	3631	-0.00924750330967173	-0.0394562605887946	9	-0.0156422078045303	-0.045929078043171	10775	38914500	1	2	1	0.00669720616426945
9	25	2244	135	0.167162169414936	-0.0459711448140117	14	0.159718087075078	-0.00120477914123378	38916800	64480700	0.105819320785479	4	2	0.183106878888877
9	26	47612	6249	-0.0156656043926701	-0.0532241330056308	9	-0.0156422078045303	-0.045929078043171	64483100	138232300	1	2	1	0.000279105081271103
10	27	86927	11985	-0.0127800314306124	-0.0464036326903957	9	-0.0156422078045303	-0.045929078043171	11500	133768300	1	2	1	0.00316467804332882
11	28	88090	11498	-0.00805339824125208	-0.0414025120113195	9	-0.0156422078045303	-0.045929078043171	111000	135075695	1	2	1	0.0078913112326891
12	29	85558	11432	-0.0214219781008306	-0.0442123213618578	9	-0.0156422078045303	-0.045929078043171	12600	133264470	1	2	1	-0.00547726862688947
13	30	767	0	0.344135591718027	0	18	0.337014298762371	NA	16001600	18176300	0.253058520957254	4	NA	0.360080301191968
13	31	61298	7803	-0.0130978635411038	-0.0469975901463763	9	-0.0156422078045303	-0.045929078043171	18177400	114343736	1	2	1	0.00284684593283734
14	32	833	170	0.316416687008858	-0.0244944712893774	17	0.337014298762371	-0.00892175698090656	16023400	19953864	0.260352167268562	4	2	0.3323613964828
14	33	55905	7376	-0.0193099760999046	-0.0471952848167195	9	-0.0156422078045303	-0.045929078043171	19955747	105862980	1	2	1	-0.00336526662596343
14	34	120	32	-3.38320477108184	-1.31171988038603	1	-3.38320477108184	-1.31171988038603	105863629	106366328	0.317313483451815	0	0	-3.3672600616079
14	35	248	83	-0.960498863947176	4.87195527492401	3	-0.960498863947176	4.87195527492401	106367500	106792798	0.317313483451815	0	0	-0.944554154473234
14	36	60	10	0.0220962491673812	-0.109519913231245	11	-0.0156422078045303	NA	106794134	106879400	NA	2	NA	0.0380409586413223
15	37	193	3	0.0896310738977103	-0.0260914095677621	13	0.0958536514863442	NA	17000800	19952950	0.129745177181653	3	NA	0.105575783371651
15	38	930	120	0.348057230627161	0.00818546720417973	17	0.337014298762371	-0.00892175698090656	19954300	22552100	0.260352167268562	4	2	0.364001940101102
15	39	51959	6630	-0.0172269742834626	-0.0428695497992964	9	-0.0156422078045303	-0.045929078043171	22554401	101968800	1	2	1	-0.00128226480952146
16	40	21669	3131	-0.0192723232613479	-0.048359051321762	9	-0.0156422078045303	-0.045929078043171	17500	35207300	1	2	1	-0.00332761378740673
16	41	298	6	0.336281449188878	0.174647764116137	18	0.337014298762371	NA	35208400	35516386	0.253058520957254	4	NA	0.35222615866282
16	42	30412	4066	-0.0205024193723923	-0.0407566818134366	9	-0.0156422078045303	-0.045929078043171	35517198	90226937	1	2	1	-0.00455770989845111
17	43	51874	6418	-0.0339953680299564	-0.0432814222637766	9	-0.0156422078045303	-0.045929078043171	117400	83242100	1	2	1	-0.0180506585560152
18	44	49317	6771	-0.0102250528329857	-0.0460006844307216	9	-0.0156422078045303	-0.045929078043171	15008	80257706	1	2	1	0.00571965664095551
19	45	36686	4847	-0.0441688568047612	-0.0422052112333959	9	-0.0156422078045303	-0.045929078043171	80800	58605000	1	2	1	-0.02822414733082
20	46	17963	2537	-0.0105266488089611	-0.0517008391729996	10	-0.0156422078045303	-0.0539056264973701	62200	26385600	1	2	1	0.00541806066498003
20	47	1566	61	0.217919071601056	0.016312101695922	16	0.22255239149767	-0.0144036514742341	26441600	31280200	0.100109870125313	5	2	0.233863781074997
20	48	22487	3021	-0.0299212934494888	-0.040675556376573	9	-0.0156422078045303	-0.045929078043171	31282889	64322200	1	2	1	-0.0139765839755476
21	49	11	0	-0.248702757348288	0	7	-0.248702757348288	NA	5092800	5156000	0.11799625944749	1	0	-0.232758047874347
21	50	1558	257	0.344205044259579	0.00697141987946593	17	0.337014298762371	-0.00892175698090656	5217100	13079319	0.260352167268562	4	2	0.36014975373352
21	51	21566	3160	-0.021231166091839	-0.0467531382365788	9	-0.0156422078045303	-0.045929078043171	13080854	46697400	1	2	1	-0.00528645661789785
22	52	17	0	-0.102023634644384	0	8	-0.0806902211584861	NA	10570400	10686800	NA	2	NA	-0.0860789251704432
22	53	1138	8	0.336226315876483	0.0202734541851701	18	0.337014298762371	NA	10687800	15922300	0.253058520957254	4	NA	0.352171025350424
22	54	23289	3552	-0.0353028878995697	-0.0559964570661258	10	-0.0156422078045303	-0.0539056264973701	15922500	50801200	1	2	1	-0.0193581784256286
23	55	1477	315	0.0109294838485849	-0.000706392076981741	9	-0.0156422078045303	-0.045929078043171	10600	3936800	1	2	1	0.0268741933225261
23	56	1181	7	-0.713391878934082	-0.0669328060946236	5	-0.713692766748502	NA	3976452	154007300	0.317313483451815	0	0	-0.697447169460141
23	57	211	7	0.045221254780473	0.141711937806878	11	-0.0156422078045303	NA	154887500	156025400	NA	2	NA	0.0611659642544142
